                                           ech_405_cryo dark   ech_405_cryo laser (x=0.20)     ech_405_cryo extrapolated                  ech_2h dark        ech_2h laser (x=0.30)          ech_2h extrapolated                     can dark
                    Wavelength
              Resolution range  33.41  - 1.58 (1.61  - 1.58)  33.41  - 1.68 (1.72  - 1.68)  33.41  - 1.68 (1.72  - 1.68)   38.26  - 1.6 (1.63  - 1.6)   38.26  - 1.8 (1.85  - 1.8)   38.26  - 1.8 (1.85  - 1.8)   38.23 - 1.80 (1.84 - 1.80)
                   Space group                      P 32 2 1                      P 32 2 1                      P 32 2 1                     P 32 2 1                     P 32 2 1                     P 32 2 1                     P 32 2 1
                     Unit cell    83.16 83.16 89.5 90 90 120    83.16 83.16 89.5 90 90 120    83.16 83.16 89.5 90 90 120  83.43 83.43 90.21 90 90 120  83.43 83.43 90.21 90 90 120  83.43 83.43 90.21 90 90 120  83.28 83.28 90.18 90 90 120
             Total reflections
            Number of crystals                        130546                        160548                                                     216091                        60940                                                     81392
            Unique reflections                  49466 (2880)                  41232 (2723)                  41183 (2709)                 48308 (2799)                 34127 (2814)                 34124 (2813)                 33990 (2810)
                  Multiplicity               2651.9 (1342.5)               3489.1 (2448.9)                                            2224.2 (1439.5)                832.4 (588.1)                                             780.3 (549.1)
              Completeness (%)                 99.98 (99.93)                 99.96 (99.78)                 99.84 (99.27)                99.95 (99.61)                99.99 (99.96)                99.98 (99.93)              100.01 (100.00)
               Mean I/sigma(I)                  10.41 (0.54)                  12.40 (0.88)                                               10.39 (0.27)                  7.61 (0.74)                                               7.69 (0.99)
               Wilson B-factor                         37.33                         38.93                         25.36                        40.69                        42.47                        31.68                        34.77
                       R-merge
                        R-meas
                         R-pim
                        Rsplit                  5.48 (95.84)                  4.91 (94.17)                                              4.36 (105.17)                 8.70 (74.70)                                              9.62 (67.90)
                         CC1/2                 0.997 (0.461)                 0.997 (0.438)                                              0.998 (0.553)                0.990 (0.565)                                             0.988 (0.499)
                           CC*                 0.999 (0.794)                 0.999 (0.781)                                              0.999 (0.844)                0.997 (0.850)                                             0.997 (0.816)
Reflections used in refinement                  49466 (2880)                  41232 (2723)                  41183 (2709)                 48308 (2799)                 34127 (2814)                 34124 (2813)                 33990 (2810)
   Reflections used for R-free                    2428 (107)                    2093 (134)                    2050 (130)                    2372 (97)                   1721 (157)                   1683 (154)                   1717 (158)
                        R-work               0.1658 (0.3863)               0.1825 (0.3528)               0.3898 (0.6770)              0.1665 (0.3868)              0.1854 (0.4739)              0.3797 (0.6089)              0.1754 (0.3902)
                        R-free               0.1919 (0.3874)               0.2131 (0.4012)               0.4584 (0.7451)              0.2004 (0.4200)              0.2177 (0.4885)              0.4490 (0.6002)              0.2128 (0.4277)
                      CC(work)
                      CC(free)
  Number of non-hydrogen atoms                          2816                          5543                          2727                         2792                         5503                         2709                         2764
                macromolecules                          2556                          5112                          2556                         2556                         5087                         2531                         2498
                       ligands                            42                            84                            42                           42                           84                           42                           43
                       solvent                           218                           347                           129                          194                          332                          136                          223
              Protein residues                           315                           315                           315                          315                          315                          314                          315
            Nucleic acid bases
                    RMS(bonds)                         0.011                         0.010                         0.009                        0.012                        0.011                        0.004                        0.008
                   RMS(angles)                          1.14                          1.32                          0.94                         1.16                         1.29                         0.63                         0.93
      Ramachandran favored (%)                         98.72                          0.00                         98.72                        98.72                         0.00                        99.04                        99.68
      Ramachandran allowed (%)                          1.28                          0.00                          1.28                         1.28                         0.00                         0.96                         0.32
     Ramachandran outliers (%)                          0.00                          0.00                          0.00                         0.00                         0.00                         0.00                         0.00
          Rotamer outliers (%)                          1.49                          0.00                          1.12                         1.12                         0.00                         3.01                         2.30
                    Clashscore                          1.74                        435.72                          4.26                         2.52                       437.46                         3.32                         1.58
              Average B-factor                         49.40                         54.16                         56.80                        58.26                        53.20                        58.60                        41.48
                macromolecules                         48.90                         53.94                         56.87                        57.74                        52.84                        58.56                        40.64
                       ligands                         38.46                         51.03                         65.81                        47.10                        50.42                        60.23                        31.46
                       solvent                         57.35                         58.10                         52.33                        67.53                        59.52                        58.77                        52.80
          Number of TLS groups
